0.01
0.111
0.212
0.312
0.414
0.513
0.605
0.704
0.813
0.905
1.004
1.109
1.204
1.307
1.406
1.506
1.607
1.71
1.808
1.908
2.008
2.099
2.208
2.309
2.407
2.497
2.607
2.705
2.806
2.906
3.004
3.101
3.201
3.302
3.403
3.503
3.603
3.703
3.795
3.902
3.997
4.103
4.201
4.302
4.401
4.499
4.6
4.7
4.798
4.895
4.995
5.098
5.188
5.289
5.396
5.497
5.596
5.695
5.796
5.896
5.988
6.094
6.192
6.293
6.393
6.494
6.584
6.684
6.792
6.891
6.991
7.092
7.186
7.29
7.39
7.481
7.588
7.685
7.779
7.887
7.988
8.083
8.183
8.283
8.385
8.486
8.582
8.684
8.781
8.883
8.984
9.082
9.183
9.277
9.376
9.477
9.582
9.678
9.778
9.88
9.98
10.08
10.179
10.274
10.371
10.478
10.571
10.675
10.778
10.878
10.978
11.077
11.177
11.274
11.374
11.475
11.575
11.672
11.775
11.871
11.971
12.065
12.17
12.273
12.371
12.463
12.563
12.672
12.766
12.871
12.964
13.07
13.169
13.264
13.368
13.465
13.565
13.666
13.766
13.867
13.959
14.059
14.16
14.262
14.365
14.463
14.565
14.658
14.758
14.864
14.959
15.057
15.158
15.254
15.356
15.455
15.557
15.658
15.756
15.858
15.958
16.057
16.158
16.258
16.359
16.457
16.557
16.652
16.754
16.852
16.954
17.045
17.151
17.255
17.347
17.447
17.546
17.65
17.749
17.849
17.948
18.043
18.144
18.251
18.349
18.451
18.55
18.65
18.75
18.849
18.95
19.046
19.142
19.248
19.346
19.447
19.546
19.646
19.737
19.837
19.938
20.038
20.138
20.241
20.34
20.441
20.541
20.64
20.74
20.842
20.941
21.04
21.133
21.24
21.34
21.441
21.531
21.636
21.739
21.835
21.935
22.038
22.129
22.231
22.332
22.433
22.536
22.636
22.733
22.834
22.933
23.033
23.133
23.233
23.331
23.431
23.533
23.628
23.729
23.832
23.929
24.029
24.129
24.229
24.329
24.423
24.521
24.623
24.723
24.827
24.925
25.027
25.124
25.226
25.326
25.424
25.524
25.625
25.723
25.823
25.925
26.022
26.123
26.219
26.321
26.418
26.513
26.614
26.715
26.817
26.917
27.017
27.117
27.218
27.309
27.411
27.51
27.613
27.712
27.815
27.907
28.008
28.115
28.206
28.308
28.41
28.51
28.614
28.712
28.809
28.911
29.012
29.112
29.212
29.304
29.405
29.505
29.6
29.701
29.802
29.904
30.005
30.106
30.207
30.307
30.398
30.499
30.606
30.701
30.805
30.905
31.006
31.104
31.195
31.304
31.395
31.495
31.596
31.701
31.796
31.902
31.997
32.091
32.198
32.299
32.4
32.499
32.599
32.699
32.799
32.897
32.993
33.098
33.19
33.291
33.393
33.495
33.595
33.696
33.787
33.887
33.987
34.088
34.188
34.289
34.388
34.489
34.592
34.691
34.79
34.89
34.99
35.089
35.19
35.285
35.389
35.486
35.586
35.678
35.787
35.882
35.977
36.079
36.185
36.279
36.38
36.48
36.584
36.683
36.78
36.884
36.982
37.082
37.182
37.282
37.377
37.476
37.577
37.677
37.778
37.879
37.971
38.079
38.179
38.278
38.376
38.477
38.574
38.677
38.777
38.876
38.976
39.074
39.175
39.275
39.375
39.473
39.574
39.667
39.764
39.865
39.967
40.071
40.17
40.272
40.362
40.47
40.571
40.66
40.762
40.87
40.968
41.068
41.169
41.262
41.367
41.467
41.564
41.665
41.766
41.865
41.964
42.065
42.157
42.26
42.364
42.46
42.561
42.661
42.759
42.862
42.958
43.051
43.153
43.261
43.36
43.452
43.554
43.658
43.757
43.853
43.957
44.057
44.158
44.254
44.356
44.456
44.55
44.651
44.751
44.849
44.953
45.053
45.144
45.248
45.353
45.443
45.551
45.652
45.745
45.851
45.95
46.044
46.15
46.245
46.349
46.449
46.539
46.647
46.744
46.848
46.946
47.041
47.147
47.238
47.345
47.436
47.543
47.636
47.742
47.843
47.943
48.039
48.133
48.233
48.342
48.441
48.541
48.635
48.736
48.84
48.94
49.037
49.131
49.233
49.337
49.438
49.534
49.636
49.731
49.837
49.926
50.03
50.136
50.228
50.332
50.43
50.529
50.629
50.729
50.829
50.931
51.031
51.13
51.23
51.331
51.425
51.525
51.625
51.728
51.826
51.929
52.024
52.127
52.225
52.323
52.426
52.526
52.625
52.725
52.826
52.924
53.024
53.122
53.218
53.318
53.42
53.521
53.622
53.722
53.818
53.917
54.018
54.12
54.219
54.319
54.414
54.512
54.614
54.71
54.818
54.908
55.017
55.109
55.211
55.315
55.415
55.516
55.607
55.708
55.813
55.91
56.008
56.11
56.209
56.31
56.404
56.511
56.61
56.71
56.81
56.907
57.002
57.109
57.207
57.308
57.4
57.503
57.603
57.707
57.798
57.905
58.006
58.101
58.205
58.305
58.396
58.505
58.598
58.696
58.804
58.902
58.995
59.103
59.2
59.3
59.397
59.492
59.6
59.698
59.798
59.899
60
60.096
60.189
60.289
60.397
60.494
60.594
60.694
60.794
60.895
60.995
61.095
61.185
61.286
61.387
61.484
61.592
61.693
61.785
61.89
61.989
62.088
62.186
62.29
62.39
62.482
62.589
62.69
62.788
62.885
62.986
63.082
63.187
63.287
63.386
63.486
63.578
63.685
63.785
63.88
63.98
64.084
64.175
64.282
64.374
64.483
64.577
64.682
64.782
64.881
64.981
65.078
65.179
65.28
65.38
65.471
65.574
65.679
65.772
65.869
65.972
66.076
66.176
66.276
66.374
66.474
66.575
66.674
66.769
66.874
66.969
67.064
67.173
67.271
67.371
67.47
67.571
67.664
67.769
67.867
67.969
68.071
68.159
68.268
68.368
68.458
68.561
68.661
68.761
68.867
68.958
69.063
69.161
69.261
69.361
69.455
69.564
69.662
69.759
69.863
69.957
70.062
70.158
70.255
70.356
70.457
70.554
70.654
70.76
70.852
70.959
71.059
71.158
71.255
71.358
71.457
71.557
71.657
71.754
71.855
71.956
72.051
72.155
72.253
72.354
72.45
72.545
72.65
72.752
72.853
72.951
73.048
73.152
73.25
73.343
73.451
73.547
73.649
73.745
73.844
73.948
74.046
74.146
74.246
74.347
74.443
74.546
74.646
74.739
74.843
74.945
75.041
75.143
75.244
75.343
75.443
75.534
75.642
75.742
75.833
75.94
76.032
76.141
76.232
76.332
76.435
76.538
76.637
76.737
76.837
76.937
77.037
77.136
77.236
77.327
77.432
77.535
77.63
77.732
77.834
77.934
78.027
78.133
78.223
78.332
78.43
78.53
78.628
78.731
78.831
78.921
79.03
79.13
79.226
79.328
79.429
79.527
79.624
79.721
79.826
79.926
80.017
80.123
80.223
80.325
80.424
80.524
80.624
80.718
80.819
80.92
81.022
81.116
81.222
81.321
81.421
81.521
81.619
81.719
81.82
81.918
82.018
82.119
82.211
82.317
82.415
82.516
82.613
82.717
82.815
82.915
83.015
83.114
83.214
83.314
83.41
83.512
83.612
83.712
83.812
83.907
84.007
84.11
84.211
84.31
84.41
84.51
84.608
84.709
84.809
84.9
85.008
85.101
85.207
85.304
85.407
85.505
85.602
85.706
85.797
85.904
86.004
86.099
86.203
86.299
86.397
86.499
86.603
86.693
86.801
86.901
87
87.1
87.2
87.299
87.392
87.497
87.598
87.698
87.789
87.897
87.992
88.096
88.195
88.296
88.395
88.487
88.595
88.693
88.793
88.894
88.985
89.091
89.192
89.289
89.391
89.483
89.592
89.69
89.783
89.89
89.982
90.089
90.18
90.288
90.379
90.488
90.586
90.687
90.787
90.878
90.986
91.08
91.185
91.28
91.385
91.483
91.584
91.679
91.779
91.883
91.974
92.081
92.172
92.282
92.376
92.472
92.581
92.679
92.77
92.88
92.978
93.077
93.179
93.277
93.377
93.477
93.576
93.676
93.776
93.869
93.975
94.075
94.174
94.269
94.37
94.472
94.573
94.671
94.772
94.867
94.967
95.066
95.171
95.271
95.369
95.464
95.569
95.668
95.766
95.865
95.967
96.067
96.168
96.266
96.366
96.465
96.565
96.665
96.766
96.856
96.964
97.064
97.163
97.263
97.354
97.462
97.562
97.662
97.759
97.859
97.96
98.054
98.156
98.253
98.358
98.456
98.559
98.657
98.756
98.858
98.956
99.056
99.154
99.255
99.348
99.448
99.554
99.654
99.754
99.853
99.953
100.053
100.147
100.247
100.347
100.451
100.547
100.651
100.75
100.85
100.947
101.043
101.149
101.249
101.347
101.44
101.542
101.643
101.743
101.844
101.937
102.044
102.144
102.244
102.345
102.444
102.54
102.639
102.744
102.836
102.939
103.043
103.141
103.236
103.342
103.435
103.535
103.641
103.739
103.835
103.936
104.033
104.134
104.238
104.335
104.437
104.537
104.632
104.733
104.834
104.935
105.035
105.131
105.233
105.328
105.428
105.532
105.632
105.731
105.831
105.928
106.029
106.13
106.23
106.33
106.429
106.524
106.629
106.72
106.82
106.928
107.019
107.125
107.227
107.326
107.426
107.519
107.616
107.725
107.825
107.915
108.024
108.124
108.222
108.323
108.414
108.514
108.62
108.72
108.811
108.921
109.021
109.119
109.217
109.319
109.418
109.518
109.619
109.708
109.817
109.911
110.016
110.116
110.216
110.315
110.406
110.511
110.611
110.714
110.805
110.912
111.013
111.112
111.212
111.304
111.405
111.51
111.61
111.711
111.809
111.907
112.008
112.106
112.207
112.308
112.399
112.505
112.608
112.701
112.802
112.906
113
113.099
113.199
113.301
113.402
113.504
113.594
113.703
113.803
113.893
114.002
114.102
114.2
114.3
114.401
114.5
114.6
114.7
114.799
114.896
114.996
115.089
115.191
115.298
115.396
115.495
115.591
115.695
115.789
115.896
115.994
116.093
116.195
116.293
116.393
116.485
116.592
116.692
116.792
116.891
116.983
117.092
117.183
117.281
117.39
117.489
117.581
117.689
117.784
117.883
117.983
118.087
118.187
118.282
118.386
118.477
118.583
118.684
118.785
118.885
118.983
119.084
119.181
119.282
119.383
119.483
119.581
119.68
119.782
119.88
119.98
120.081
120.179
120.27
120.37
120.475
120.578
120.679
120.777
120.876
120.977
121.074
121.172
121.274
121.375
121.475
121.574
121.666
121.774
121.874
121.965
122.073
122.167
122.268
122.372
122.47
122.569
122.666
122.771
122.868
122.969
123.069
123.159
123.268
123.368
123.459
123.568
123.663
123.766
123.866
123.959
124.063
124.165
124.265
124.356
124.464
124.564
124.654
124.763
124.863
124.954
125.063
125.152
125.256
125.361
125.456
125.551
125.659
125.759
125.854
125.958
126.054
126.157
126.25
126.357
126.448
126.555
126.656
126.747
126.855
126.955
127.051
127.153
127.254
127.353
127.453
127.553
127.652
127.752
127.852
127.941
128.046
128.151
128.244
128.349
128.444
128.541
128.648
128.748
128.841
128.947
129.047
129.146
129.246
129.346
129.445
129.545
129.64
129.744
129.844
129.943
130.041
130.138
130.243
130.335
130.442
130.542
130.634
130.741
130.833
130.933
131.038
131.136
131.238
131.338
131.439
131.537
131.637
131.735
131.836
131.936
132.037
132.132
132.233
132.333
132.434
132.534
132.634
132.73
132.833
132.933
133.032
133.126
133.226
133.331
133.431
133.531
133.629
133.73
133.83
133.923
134.023
134.129
134.227
134.327
134.428
134.526
134.619
134.727
134.825
134.92
135.026
135.124
135.224
135.322
135.422
135.514
135.616
135.713
135.821
135.916
136.017
136.119
136.22
136.312
136.417
136.514
136.611
136.715
136.813
136.909
137.014
137.113
137.216
137.315
137.417
137.515
137.615
137.716
137.814
137.914
138.015
138.111
138.213
138.314
138.412
138.508
138.608
138.711
138.81
138.911
139.01
139.109
139.21
139.303
139.409
139.509
139.601
139.703
139.804
139.907
140.006
140.104
140.204
140.306
140.4
140.504
140.604
140.699
140.799
140.903
141.004
141.098
141.202
141.303
141.401
141.501
141.599
141.7
141.8
141.9
141.999
142.099
142.2
142.298
142.398
142.498
142.597
142.697
142.797
142.895
142.996
143.088
143.194
143.288
143.395
143.493
143.593
143.689
143.79
143.893
143.986
144.091
144.191
144.292
144.39
144.49
144.591
144.684
144.789
144.885
144.985
145.088
145.186
145.287
145.387
145.487
145.58
145.686
145.786
145.885
145.985
146.082
146.184
146.274
146.384
146.483
146.582
146.683
146.774
146.882
146.982
147.08
147.176
147.281
147.379
147.479
147.579
147.677
147.778
147.879
147.977
148.077
148.177
148.268
148.376
148.471
148.574
148.674
148.775
148.867
148.974
149.074
149.172
149.273
149.364
149.464
149.572
149.668
149.77
149.871
149.971
150.066
150.163
150.27
150.368
150.463
150.568
150.667
150.768
150.868
150.966
151.066
151.167
151.264
151.365
151.466
151.564
151.664
151.764
151.863
151.954
152.063
152.162
152.262
152.362
152.453
152.561
152.658
152.759
152.856
152.959
153.058
153.154
153.257
153.357
153.448
153.553
153.656
153.754
153.857
153.955
154.05
154.155
154.254
154.352
154.446
154.553
154.645
154.745
154.847
154.949
155.047
155.151
155.241
155.343
155.449
155.549
155.65
155.742
155.844
155.95
156.048
156.14
156.248
156.34
156.44
156.541
156.645
156.737
156.846
156.944
157.036
157.145
157.243
157.343
157.444
157.542
157.642
157.735
157.841
157.941
158.034
158.14
158.239
158.34
158.433
158.539
158.639
158.733
158.838
158.938
159.036
159.137
159.237
159.335
159.436
159.529
159.626
159.731
159.835
159.927
160.033
160.128
160.232
160.332
160.433
160.531
160.63
160.732
160.83
160.93
161.025
161.129
161.229
161.326
161.428
161.528
161.626
161.727
161.827
161.927
162.026
162.124
162.226
162.325
162.425
162.521
162.623
162.724
162.824
162.922
163.023
163.123
163.222
163.313
163.422
163.514
163.613
163.714
163.816
163.92
164.019
164.118
164.21
164.318
164.417
164.512
164.617
164.716
164.817
164.915
165.015
165.112
165.215
165.305
165.414
165.514
165.603
165.713
165.806
165.912
166.01
166.112
166.211
166.303
166.405
166.505
166.61
166.705
166.808
166.909
167.005
167.107
167.198
167.304
167.406
167.506
167.603
167.705
167.803
167.906
167.996
168.104
168.205
168.303
168.403
168.504
168.594
168.694
168.794
168.901
168.999
169.101
169.2
169.299
169.393
169.499
169.597
169.699
169.798
169.898
169.998
170.096
170.19
170.294
170.395
170.495
170.595
170.686
170.793
170.894
170.993
171.086
171.187
171.292
171.391
171.492
171.588
171.691
171.792
171.89
171.99
172.09
172.189
172.289
172.389
172.488
172.588
172.689
172.78
172.887
172.983
173.085
173.186
173.286
173.385
173.485
173.585
173.684
173.777
173.876
173.982
174.082
174.183
174.281
174.372
174.482
174.58
174.681
174.781
174.879
174.979
175.079
175.178
175.278
175.374
175.475
175.577
175.677
175.776
175.876
175.969
176.071
176.175
176.266
176.366
176.474
176.574
176.669
176.77
176.871
176.972
177.073
177.172
177.27
177.371
177.471
177.569
177.668
177.77
177.868
177.968
178.069
178.167
178.265
178.368
178.465
178.567
178.666
178.763
178.864
178.965
179.062
179.164
179.264
179.363
179.454
179.563
179.662
179.762
179.858
179.957
180.061
180.161
180.259
180.352
180.454
180.558
180.656
180.757
180.857
180.957
181.057
181.156
181.256
181.347
181.447
181.554
181.655
181.753
181.849
181.95
182.049
182.151
182.251
182.342
182.444
182.545
182.642
182.75
182.844
182.947
183.044
183.142
183.246
183.349
183.446
183.547
183.646
183.747
183.846
183.945
184.047
184.144
184.244
184.345
184.442
184.543
184.643
184.734
184.834
184.935
185.035
185.135
185.239
185.338
185.436
185.539
185.637
185.737
185.839
185.938
186.039
186.134
186.235
186.336
186.436
186.535
186.634
186.733
186.835
186.936
187.036
187.134
187.234
187.333
187.433
187.533
187.625
187.731
187.832
187.927
188.027
188.129
188.229
188.329
188.43
188.529
188.624
188.724
188.825
188.925
189.028
189.126
189.225
189.326
189.425
189.525
189.625
189.725
189.819
189.919
190.02
190.123
190.215
190.323
190.421
190.52
190.622
190.721
190.812
190.92
191.011
191.112
191.213
191.319
191.41
191.519
191.618
191.718
191.818
191.917
192.014
192.117
192.216
192.316
192.416
192.509
192.614
192.715
192.814
192.914
193.013
193.112
193.212
193.304
193.411
193.512
193.612
193.71
193.803
193.904
194.004
194.109
194.207
194.305
194.405
194.505
194.605
194.705
194.807
194.906
195.006
195.106
195.205
195.305
195.405
195.504
195.595
195.704
195.796
195.903
195.995
196.1
196.202
196.302
196.401
196.501
196.601
196.7
196.791
196.899
196.991
197.09
197.199
197.297
197.397
197.498
197.596
197.694
197.797
197.889
197.988
198.092
198.193
198.294
198.386
198.487
198.593
198.694
198.792
198.89
198.992
199.091
199.191
199.29
199.39
199.49
199.584
199.688
199.779
199.88
199.987
200.088
200.178
200.284
200.386
200.487
200.585
200.685
200.786
200.877
200.984
201.085
201.183
201.283
201.383
201.482
201.582
201.682
201.773
201.879
201.981
202.072
202.172
202.28
202.379
202.479
202.577
202.674
202.778
202.876
202.974
203.076
203.177
203.275
203.375
203.476
203.574
203.674
203.775
203.873
203.973
204.074
204.172
204.267
204.372
204.464
204.57
204.671
204.77
204.87
204.97
205.067
205.167
205.268
205.367
205.468
205.568
205.659
205.76
205.867
205.962
206.063
206.165
206.263
206.365
206.465
206.554
206.654
206.757
206.858
206.962
207.059
207.159
207.253
207.362
207.457
207.55
207.66
207.754
207.852
207.959
208.054
208.154
208.255
208.356
208.456
208.557
208.654
208.756
208.856
208.954
209.055
209.155
209.251
209.351
209.454
209.552
209.643
209.748
209.851
209.951
210.042
210.15
210.241
210.351
210.449
210.541
210.649
210.745
210.845
210.948
211.042
211.142
211.247
211.346
211.445
211.547
211.64
211.741
211.845
211.944
212.044
212.144
212.24
212.335
212.436
212.541
212.642
212.733
212.84
212.94
213.041
213.139
213.239
213.34
213.438
213.529
213.629
213.737
213.835
213.929
214.029
214.13
214.232
214.333
214.433
214.535
214.634
214.734
214.834
214.929
215.033
215.133
215.232
215.325
215.425
215.525
215.625
215.725
215.827
215.925
216.03
216.128
216.225
216.329
216.427
216.523
216.622
216.723
216.826
216.926
217.025
217.125
217.225
217.316
217.424
217.524
217.623
217.722
217.822
217.922
218.022
218.122
218.218
218.32
218.418
218.519
218.62
218.718
218.819
218.919
219.019
219.117
219.218
219.309
219.416
219.517
219.617
219.715
219.814
219.916
220.014
220.113
220.215
220.313
220.413
220.514
220.612
220.703
220.804
220.911
221.005
221.111
221.21
221.31
221.401
221.509
221.604
221.709
221.807
221.908
222.001
222.106
222.198
222.307
222.399
222.5
222.606
222.699
222.805
222.905
223.003
223.095
223.196
223.302
223.403
223.503
223.601
223.701
223.802
223.893
224
224.092
224.192
224.299
224.391
224.491
224.598
224.694
224.794
224.897
224.997
225.093
225.196
225.296
225.395
225.495
225.595
225.694
225.794
225.894
225.992
226.093
226.193
226.284
226.392
226.492
226.59
226.69
226.786
226.887
226.989
227.081
227.182
227.284
227.383
227.484
227.584
227.687
227.786
227.886
227.986
228.085
228.185
228.285
228.384
228.484
228.584
228.683
228.783
228.876
228.981
229.082
229.182
229.273
229.374
229.481
229.579
229.678
229.779
229.877
229.977
230.078
230.177
230.275
230.375
230.476
230.576
230.675
230.768
230.875
230.975
231.071
231.174
231.274
231.365
231.466
231.569
231.672
231.763
231.863
231.97
232.071
232.163
232.269
232.361
232.463
232.568
232.665
232.769
232.859
232.967
233.068
233.166
233.257
233.366
233.46
233.558
233.665
233.764
233.864
233.964
234.059
234.16
234.261
234.362
234.453
234.561
234.661
234.759
234.86
234.95
235.056
235.16
235.258
235.351
235.459
235.555
235.651
235.758
235.856
235.954
236.056
236.155
236.248
236.356
236.452
236.549
236.65
236.75
236.853
236.95
237.051
237.152
237.252
237.351
237.447
237.548
237.648
237.749
237.844
237.946
238.041
238.144
238.248
238.348
238.441
238.546
238.646
238.747
238.842
238.945
239.046
239.144
239.244
239.345
239.443
239.543
239.643
239.742
239.838
239.937
240.04
240.137
240.238
240.33
240.44
240.54
240.639
240.736
240.83
240.93
241.038
241.133
241.237
241.337
241.435
241.536
241.626
241.735
241.833
241.934
242.029
242.133
242.234
242.333
242.432
242.528
242.626
242.731
242.831
242.922
243.026
243.13
243.23
243.328
243.422
243.524
243.628
243.728
243.827
243.918
244.022
244.127
244.225
244.325
244.423
244.525
244.624
244.716
244.826
244.924
245.024
245.122
245.223
245.323
245.42
245.519
245.622
245.713
245.814
245.915
246.019
246.119
246.218
246.318
246.418
246.514
246.616
246.711
246.811
246.915
247.016
247.116
247.208
247.306
247.415
247.514
247.608
247.709
247.812
247.913
248.015
248.111
248.21
248.311
248.407
248.51
248.611
248.709
248.809
248.909
249.006
249.108
249.202
249.307
249.403
249.503
249.606
249.706
249.806
249.898
249.996
250.105
250.195
250.304
250.402
250.502
250.602
250.703
250.801
250.902
251.001
251.1
251.201
251.3
251.399
251.499
251.6
251.697
251.792
251.899
251.997
252.088
252.197
252.293
252.394
252.496
252.594
252.693
252.79
252.894
252.993
253.094
253.189
253.291
253.384
253.492
253.591
253.686
253.787
253.89
253.991
254.089
254.19
254.28
254.383
254.488
254.584
254.683
254.78
254.884
254.981
255.078
255.184
255.285
255.385
255.484
255.574
255.684
255.784
255.883
255.983
256.083
256.178
256.279
256.38
256.48
256.581
256.676
256.776
256.88
256.98
257.072
257.173
257.279
257.372
257.473
257.576
257.671
257.777
257.873
257.974
258.074
258.176
258.274
258.374
258.472
258.573
258.673
258.773
258.872
258.972
259.072
259.171
259.266
259.366
259.47
259.57
259.67
259.769
259.869
259.969
260.068
260.168
260.259
260.367
260.465
260.567
260.657
260.757
260.866
260.959
261.061
261.161
261.264
261.364
261.455
261.556
261.657
261.754
261.855
261.962
262.061
262.16
262.26
262.361
262.451
262.559
262.658
262.756
262.856
262.951
263.051
263.152
263.253
263.354
263.456
263.554
263.655
263.755
263.855
263.945
264.045
264.154
264.249
264.347
264.447
264.549
264.648
264.748
264.849
264.949
265.049
265.149
265.25
265.35
265.445
265.545
265.645
265.744
265.848
265.945
266.046
266.143
266.238
266.339
266.438
266.544
266.642
266.744
266.838
266.941
267.043
267.143
267.241
267.341
267.44
267.54
267.64
267.741
267.84
267.935
268.035
268.138
268.237
268.339
268.434
268.535
268.635
268.736
268.829
268.937
269.029
269.135
269.23
269.33
269.431
269.532
269.631
269.732
269.833
269.932
270.032
270.131
270.231
270.331
270.422
270.527
270.629
270.73
270.829
270.929
271.024
271.121
271.22
271.32
271.421
271.523
271.621
271.722
271.823
271.924
272.024
272.124
272.225
272.318
272.419
272.518
272.622
272.721
272.823
272.921
273.014
273.115
273.218
273.32
273.42
273.519
273.619
273.719
273.818
273.91
274.018
274.117
274.209
274.312
274.416
274.516
274.607
274.715
274.815
274.915
275.011
275.112
275.214
275.307
275.411
275.507
275.611
275.712
275.812
275.904
276.007
276.111
276.209
276.301
276.41
276.506
276.607
276.709
276.807
276.901
277.002
277.106
277.206
277.297
277.405
277.505
277.6
277.695
277.804
277.904
277.995
278.096
278.203
278.298
278.402
278.496
278.6
278.701
278.801
278.899
278.999
279.092
279.193
279.299
279.399
279.497
279.59
279.698
279.792
279.888
279.997
280.096
280.188
280.289
280.386
280.495
280.593
280.693
280.794
280.894
280.992
281.093
281.188
281.291
281.392
281.49
281.591
281.683
281.791
281.884
281.989
282.083
282.184
282.287
282.388
282.487
282.587
282.688
282.786
282.886
282.986
283.085
283.185
283.283
283.383
283.484
283.584
283.675
283.775
283.878
283.981
284.082
284.173
284.274
284.375
284.481
284.571
284.679
284.78
284.87
284.973
285.079
285.177
285.277
285.378
285.476
285.574
285.677
285.775
285.876
285.975
286.071
286.171
286.272
286.372
286.473
286.572
286.663
286.764
286.868
286.97
287.071
287.171
287.269
287.369
287.465
287.564
287.664
287.769
287.86
287.967
288.068
288.166
288.266
288.357
288.465
288.565
288.665
288.764
288.855
288.96
289.057
289.159
289.259
289.354
289.453
289.562
289.655
289.761
289.861
289.959
290.057
290.151
290.256
290.359
290.459
290.554
290.657
290.758
290.856
290.956
291.057
291.154
291.25
291.355
291.446
291.554
291.654
291.748
291.849
291.953
292.044
292.145
292.247
292.348
292.451
292.546
292.65
292.75
292.842
292.948
293.048
293.148
293.238
293.348
293.446
293.542
293.647
293.747
293.845
293.94
294.041
294.142
294.242
294.344
294.439
294.54
294.644
294.742
294.835
294.939
295.035
295.141
295.237
295.34
295.44
295.537
295.635
295.735
295.836
295.937
296.038
296.131
296.231
296.332
296.437
296.536
296.636
296.732
296.834
296.935
297.026
297.133
297.234
297.334
297.432
297.533
297.626
297.726
297.827
297.932
298.03
298.122
298.223
298.324
298.429
298.52
298.621
298.728
298.828
298.919
299.019
299.127
299.225
299.326
299.426
299.524
299.621
299.723
299.823
299.923
300.018
300.12
300.222
300.323
300.421
300.521
300.622
300.713
300.817
300.921
301.012
301.119
301.22
301.318
301.418
301.514
301.615
301.717
301.818
301.914
302.015
302.116
302.208
302.315
302.415
302.512
302.613
302.713
302.813
302.91
303.009
303.111
303.211
303.312
303.409
303.51
303.608
303.709
303.8
303.91
304.002
304.108
304.209
304.307
304.407
304.505
304.606
304.706
304.806
304.905
305.004
305.105
305.204
305.304
305.404
305.501
305.602
305.703
305.802
305.902
306.002
306.1
306.196
306.297
306.398
306.496
306.597
306.698
306.798
306.899
306.997
307.097
307.197
307.296
307.395
307.496
307.595
307.687
307.795
307.894
307.994
308.094
308.193
308.293
308.389
308.491
308.592
308.692
308.791
308.882
308.987
309.089
309.19
309.29
309.383
309.488
309.58
309.687
309.788
309.887
309.986
310.084
310.185
310.285
310.385
310.486
310.584
310.684
310.785
310.874
310.983
311.082
311.182
311.282
311.382
311.481
311.581
311.681
311.772
311.88
311.98
312.069
312.179
312.271
312.372
312.477
312.578
312.677
312.777
312.867
312.97
313.068
313.176
313.274
313.375
313.475
313.573
313.674
313.774
313.865
313.971
314.073
314.164
314.27
314.371
314.467
314.566
314.67
314.767
314.864
314.969
315.064
315.165
315.265
315.367
315.467
315.567
315.666
315.766
315.859
315.964
316.062
316.165
316.264
316.357
316.464
316.562
316.656
316.754
316.861
316.96
317.056
317.16
317.26
317.361
317.458
317.554
317.659
317.753
317.854
317.952
318.057
318.148
318.257
318.348
318.454
318.551
318.655
318.746
318.855
318.955
319.05
319.151
319.253
319.348
319.453
319.551
319.651
319.752
319.85
319.951
320.043
320.149
320.241
320.35
320.44
320.546
320.648
320.74
320.842
320.945
321.046
321.144
321.246
321.345
321.445
321.539
321.64
321.744
321.835
321.936
322.036
322.143
322.241
322.342
322.442
322.532
322.641
322.741
322.839
322.935
323.035
323.13
323.238
323.336
323.436
323.529
323.632
323.732
323.829
323.936
324.03
324.133
324.233
324.333
324.434
324.525
324.632
324.733
324.833
324.932
325.022
325.132
325.231
325.328
325.431
325.526
325.63
325.728
325.828
325.929
326.027
326.127
326.227
326.328
326.426
326.526
326.627
326.725
326.825
326.926
327.017
327.124
327.224
327.323
327.414
327.523
327.615
327.716
327.815
327.916
328.014
328.117
328.22
328.315
328.42
328.514
328.615
328.719
328.818
328.912
329.011
329.111
329.217
329.317
329.415
329.513
329.607
329.714
329.815
329.915
330.01
330.114
330.214
330.312
330.412
330.513
330.603
330.703
330.807
330.908
331.008
331.108
331.209
331.309
331.409
331.508
331.604
331.708
331.803
331.905
332.002
332.106
332.206
332.305
332.404
332.503
332.605
332.703
332.803
332.904
332.998
333.101
333.203
333.301
333.399
333.501
333.598
333.695
333.801
333.897
333.991
334.099
334.191
334.293
334.398
334.494
334.597
334.697
334.796
334.896
334.995
335.086
335.195
335.295
335.394
335.494
335.594
335.692
335.793
335.893
335.991
336.089
336.192
336.29
336.386
336.491
336.589
336.689
336.79
336.888
336.985
337.089
337.187
337.287
337.381
337.485
337.577
337.686
337.785
337.885
337.985
338.08
338.184
338.284
338.382
338.482
338.581
338.672
338.782
338.882
338.98
339.081
339.181
339.279
339.375
339.48
339.578
339.669
339.775
339.875
339.978
340.078
340.167
340.276
340.377
340.475
340.575
340.674
340.767
340.874
340.974
341.073
341.173
341.273
341.365
341.472
341.563
341.664
341.771
341.871
341.967
342.07
342.163
342.268
342.367
342.469
342.567
342.668
342.762
342.863
342.966
343.06
343.162
343.265
343.356
343.464
343.561
343.662
343.763
343.863
343.963
344.055
344.158
344.262
344.361
344.461
344.555
344.66
344.76
344.86
344.958
345.059
345.158
345.258
345.358
345.453
345.556
345.657
345.749
345.852
345.948
346.051
346.153
346.254
346.351
346.452
346.553
346.653
346.752
346.847
346.953
347.051
347.15
347.244
347.347
347.45
347.549
347.649
347.749
347.849
347.948
348.041
348.148
348.247
348.347
348.438
348.542
348.646
348.746
348.842
348.939
349.045
349.143
349.244
349.344
349.442
349.538
349.639
349.739
349.841
349.933
350.04
350.141
350.24
350.332
350.432
350.539
350.635
350.729
350.83
350.937
351.028
351.137
351.23
351.336
351.436
351.533
351.635
351.727
351.833
351.929
352.034
352.132
352.233
352.333
352.424
352.53
352.632
352.73
352.83
352.931
353.029
353.123
353.223
353.328
353.428
353.524
353.627
353.718
353.827
353.924
354.017
354.126
354.221
354.325
354.425
354.524
354.624
354.724
354.822
354.923
355.023
355.119
355.222
355.313
355.42
355.513
355.621
355.719
355.82
355.92
356.017
356.119
356.219
356.31
356.417
356.513
356.611
356.71
356.816
356.914
357.014
357.106
357.206
357.307
357.407
357.505
357.604
357.708
357.808
357.908
358.008
358.109
358.209
358.311
358.409
358.51
358.61
358.707
358.805
358.902
359.003
359.107
359.208
359.305
359.405
359.505
359.605
359.705
359.805
359.899
360.004
360.096
360.196
360.302
360.4
360.501
360.602
360.701
360.793
360.895
360.996
361.095
361.199
361.3
361.39
361.491
361.598
361.698
361.789
361.89
361.996
362.092
362.197
362.292
362.396
362.494
362.59
362.691
362.794
362.892
362.992
363.094
363.184
363.292
363.393
363.487
363.591
363.689
363.79
363.89
363.982
364.089
364.189
364.28
364.388
364.488
364.581
364.687
364.787
364.877
364.977
365.086
365.186
365.277
365.385
365.485
365.583
365.683
365.775
365.882
365.976
366.083
366.173
366.274
366.382
366.48
366.58
366.673
366.779
366.876
366.976
367.077
367.178
367.278
367.377
367.47
367.577
367.676
367.776
367.876
367.975
368.075
368.17
368.273
368.364
368.474
368.564
368.673
368.773
368.864
368.965
369.066
369.17
369.27
369.361
369.462
369.562
369.67
369.761
369.868
369.969
370.06
370.167
370.263
370.363
370.465
370.566
370.665
370.766
370.857
370.957
371.063
371.164
371.263
371.354
371.455
371.556
371.662
371.753
371.853
371.954
372.061
372.153
372.254
372.355
372.458
372.559
372.659
372.751
372.857
372.948
373.049
373.156
373.256
373.348
373.455
373.547
373.654
373.754
373.848
373.949
374.049
374.154
374.251
374.352
374.452
374.546
374.651
374.742
374.85
374.945
375.05
375.148
375.24
375.349
375.447
375.548
375.638
375.738
375.84
375.941
376.042
376.142
376.24
376.335
376.442
376.542
376.643
376.74
376.841
376.941
377.041
377.142
377.24
377.341
377.441
377.54
377.64
377.74
377.831
377.932
378.033
378.134
378.238
378.338
378.436
378.537
378.629
378.735
378.827
378.936
379.034
379.134
379.232
379.333
379.432
379.533
379.632
379.732
379.827
379.928
380.028
380.123
380.23
380.33
380.43
380.522
380.623
380.724
380.825
380.928
381.028
381.119
381.219
381.327
381.418
381.526
381.626
381.721
381.824
381.918
382.019
382.119
382.22
382.322
382.414
382.523
382.616
382.721
382.816
382.92
383.012
383.113
383.219
383.313
383.414
383.515
383.617
383.718
383.817
383.907
384.017
384.108
384.213
384.314
384.414
384.514
384.615
384.713
384.814
384.907
385.012
385.104
385.206
385.311
385.412
385.512
385.61
385.708
385.809
385.909
386.009
386.108
386.199
386.308
386.408
386.507
386.607
386.707
386.806
386.897
387.006
387.097
387.205
387.301
387.401
387.504
387.604
387.7
387.803
387.893
387.994
388.102
388.202
388.298
388.401
388.492
388.593
388.7
388.8
388.898
388.989
389.099
389.19
389.297
389.398
389.489
389.596
389.689
389.795
389.895
389.995
390.09
390.194
390.291
390.392
390.485
390.593
390.692
390.792
390.892
390.983
391.091
391.191
391.29
391.39
391.49
391.589
391.688
391.789
391.887
391.981
392.088
392.186
392.287
392.377
392.485
392.577
392.686
392.784
392.884
392.985
393.076
393.183
393.28
393.382
393.474
393.582
393.681
393.781
393.881
393.973
394.074
394.18
394.279
394.37
394.471
394.578
394.678
394.778
394.877
394.972
395.077
395.175
395.274
395.376
395.474
395.574
395.675
395.773
395.874
395.964
396.072
396.173
396.273
396.371
396.462
396.572
396.67
396.763
396.871
396.962
397.062
397.163
397.268
397.365
397.466
397.567
397.667
397.767
397.866
397.957
398.066
398.165
398.256
398.357
398.463
398.554
398.664
398.755
398.854
398.963
399.061
399.153
399.262
399.36
399.454
399.561
399.659
399.751
399.86
399.95
400.054
400.155
400.257
400.348
400.458
400.556
400.654
400.756
400.849
400.954
401.055
401.154
401.245
401.354
401.453
401.55
401.651
401.751
401.845
401.946
402.047
402.15
402.25
402.349
402.449
402.549
402.648
402.748
402.848
402.945
403.046
403.147
403.246
403.346
403.446
403.544
403.645
403.745
403.837
403.943
404.038
404.137
404.242
404.338
404.438
404.54
404.642
404.733
404.841
404.941
405.039
405.134
405.235
405.335
405.438
405.539
405.637
405.737
405.837
405.936
406.028
406.128
406.234
406.335
406.435
406.533
406.629
406.729
406.833
406.933
407.033
407.125
407.232
407.332
407.426
407.532
407.623
407.723
407.827
407.93
408.027
408.129
408.228
408.328
408.428
408.527
408.626
408.727
408.818
408.921
409.022
409.125
409.215
409.324
409.424
409.523
409.616
409.724
409.822
409.921
410.021
410.121
410.221
410.312
410.419
410.512
410.612
410.718
410.819
410.91
411.012
411.112
411.215
411.315
411.416
411.516
411.615
411.71
411.815
411.913
412.014
412.108
412.213
412.305
412.414
412.504
412.612
412.712
412.811
412.91
413.011
413.102
413.21
413.31
413.403
413.508
413.608
413.708
413.808
413.908
414.007
414.106
414.207
414.306
414.406
414.506
414.604
414.705
414.805
414.895
415.003
415.104
415.202
415.302
415.394
415.5
415.601
415.694
415.797
415.899
416
416.099
416.192
416.299
416.398
416.494
416.599
416.696
416.797
416.897
416.992
417.095
417.196
417.286
417.386
417.487
417.594
417.694
417.785
417.892
417.992
418.093
418.186
418.29
418.392
418.49
418.591
418.689
418.789
418.889
418.99
419.081
419.183
419.288
419.387
419.487
419.586
419.685
419.786
419.879
419.985
420.083
420.185
420.277
420.383
420.478
420.574
420.683
420.783
420.881
420.977
421.082
421.181
421.281
421.375
421.477
421.58
421.68
421.779
421.878
421.979
422.077
422.169
422.274
422.376
422.477
422.57
422.675
422.775
422.876
422.974
423.074
423.165
423.273
423.369
423.464
423.572
423.672
423.772
423.871
423.968
424.07
424.169
424.27
424.362
424.469
424.559
424.669
424.768
424.868
424.962
425.064
425.167
425.259
425.365
425.466
425.557
425.665
425.764
425.86
425.963
426.063
426.164
426.262
426.362
426.453
426.561
426.661
426.759
426.854
426.956
427.056
427.159
427.251
427.355
427.455
427.558
427.649
427.756
427.853
427.957
428.056
428.154
428.255
428.354
428.45
428.552
428.65
428.754
428.85
428.952
429.051
429.15
429.242
429.351
429.442
429.55
429.65
429.75
429.845
429.945
430.049
430.148
430.239
430.348
430.446
430.547
430.647
430.745
430.841
430.945
431.044
431.136
431.245
431.343
431.436
431.539
431.642
431.742
431.843
431.935
432.039
432.142
432.24
432.34
432.436
432.534
432.64
432.736
432.835
432.938
433.038
433.137
433.237
433.337
433.43
433.536
433.636
433.735
433.834
433.929
434.033
434.134
434.233
434.326
434.433
434.524
434.624
434.725
434.832
434.929
435.031
435.125
435.23
435.33
435.427
435.524
435.627
435.724
435.827
435.921
436.028
436.124
436.222
436.327
436.426
436.518
436.624
436.724
436.815
436.916
437.019
437.114
437.224
437.317
437.418
437.522
437.621
437.721
437.82
437.914
438.021
438.121
438.214
438.317
438.418
438.518
438.612
438.719
438.817
438.914
439.017
439.116
439.211
439.311
439.415
439.515
439.607
439.709
439.809
439.915
440.006
440.111
440.214
440.312
440.403
440.512
440.609
440.711
440.811
440.91
441.01
441.108
441.205
441.305
441.405
441.505
441.608
441.708
441.8
441.905
442.004
442.104
442.206
442.304
442.405
442.505
442.605
442.704
442.798
442.898
443.001
443.1
443.203
443.294
443.402
443.493
443.593
443.7
443.801
443.898
443.999
444.094
444.199
444.296
444.398
444.493
444.596
444.697
444.796
444.888
444.996
445.095
445.196
445.293
445.394
445.495
445.595
445.693
445.793
445.893
445.991
446.091
446.192
446.291
446.391
446.492
446.59
446.69
446.786
446.883
446.989
447.09
447.188
447.288
447.388
447.485
447.587
447.681
447.785
447.882
447.986
448.075
448.185
448.285
448.376
448.476
448.577
448.677
448.778
448.878
448.978
449.079
449.179
449.279
449.379
449.479
449.58
449.68
449.775
449.875
449.975
450.075
450.177
450.271
450.375
450.476
450.576
450.668
450.769
450.875
450.976
451.074
451.174
451.272
451.373
451.473
451.571
451.672
451.772
451.872
451.971
452.071
452.171
452.27
452.37
452.47
452.569
452.669
452.769
452.86
452.968
453.062
453.167
453.26
453.367
453.466
453.566
453.661
453.764
453.865
453.965
454.064
454.164
454.264
454.363
454.463
454.556
454.66
454.753
454.863
454.961
455.06
455.161
455.259
455.36
455.457
455.558
455.658
455.759
455.857
455.957
456.053
456.156
456.247
456.357
456.455
456.556
456.656
456.753
456.855
456.953
457.052
457.154
457.254
457.352
457.453
457.544
457.644
457.742
457.852
457.942
458.043
458.145
458.247
458.342
458.441
458.548
458.648
458.748
458.847
458.947
459.048
459.146
459.245
459.346
459.445
459.545
459.645
459.735
459.844
459.942
460.043
460.143
460.234
460.337
460.442
460.542
460.64
460.734
460.84
460.939
461.039
461.14
461.238
461.338
461.439
461.538
461.636
461.736
461.836
461.933
462.034
462.134
462.236
462.335
462.425
462.526
462.626
462.727
462.828
462.928
463.028
463.132
463.228
463.328
463.422
463.53
463.63
463.731
463.821
463.929
464.029
464.13
464.228
464.328
464.428
464.522
464.627
464.727
464.825
464.926
465.022
465.124
465.225
465.325
465.423
465.52
465.624
465.722
465.822
465.923
466.021
466.122
466.222
466.318
466.421
466.521
466.619
466.717
466.82
466.918
467.019
467.111
467.217
467.317
467.417
467.511
467.616
467.716
467.815
467.916
468.015
468.114
468.214
468.315
468.413
468.513
468.613
468.712
468.812
468.912
469.01
469.111
469.211
469.31
469.41
469.51
469.609
469.709
469.809
469.907
470.008
470.108
470.206
470.306
470.407
470.505
470.606
470.706
470.804
470.905
471.005
471.104
471.2
471.304
471.403
471.503
471.601
471.693
471.801
471.901
472
472.1
472.201
472.3
472.4
472.499
472.602
472.698
472.799
472.897
472.997
473.098
473.196
473.297
473.396
473.495
473.595
473.695
473.794
473.894
473.995
474.093
474.19
474.294
474.392
474.493
474.591
474.691
474.793
474.891
474.989
475.09
475.191
475.288
475.389
475.489
475.588
475.688
475.788
475.884
475.978
476.088
476.185
476.286
476.38
476.484
476.585
476.685
476.779
476.884
476.976
477.081
477.18
477.279
477.382
477.482
477.582
477.674
477.774
477.877
477.98
478.08
478.178
478.278
478.378
478.478
478.569
478.669
478.777
478.877
478.974
479.077
479.176
479.276
479.376
479.475
479.567
479.667
479.773
479.864
479.973
480.072
480.173
480.264
480.365
480.472
480.567
480.67
480.771
480.871
480.963
481.07
481.17
481.268
481.364
481.469
481.567
481.661
481.768
481.866
481.964
482.067
482.162
482.262
482.363
482.464
482.564
482.655
482.755
482.858
482.963
483.054
483.162
483.258
483.361
483.454
483.561
483.66
483.753
483.86
483.959
484.054
484.155
484.258
484.362
484.458
484.553
484.653
484.753
484.856
484.95
485.05
485.152
485.253
485.353
485.453
485.554
485.645
485.745
485.853
485.953
486.05
486.152
486.252
486.343
486.444
486.551
486.643
486.745
486.85
486.941
487.042
487.143
487.243
487.345
487.445
487.545
487.647
487.745
487.845
487.946
488.046
488.144
488.245
488.345
488.436
488.536
488.637
488.738
488.842
488.939
489.041
489.141
489.242
489.34
489.431
489.541
489.632
489.74
489.831
489.931
490.038
490.14
490.237
490.334
490.437
490.529
490.636
490.729
490.834
490.935
491.035
491.127
491.234
491.332
491.433
491.533
491.632
491.731
491.832
491.931
492.03
492.131
492.231
492.33
492.43
492.53
492.629
492.729
492.829
492.927
493.028
493.128
493.218
493.326
493.42
493.525
493.617
493.725
493.824
493.925
494.024
494.123
494.223
494.323
494.421
494.522
494.622
494.721
494.821
494.921
495.02
495.121
495.218
495.319
495.419
495.51
495.609
495.71
495.818
495.917
496.017
496.117
496.216
496.311
496.416
496.515
496.616
496.711
496.805
496.913
497.015
497.113
497.213
497.314
497.406
497.512
497.606
497.706
497.806
497.909
498.009
498.11
498.211
498.305
498.405
498.509
498.607
498.704
498.808
498.907
499.004
499.107
499.2
499.3
499.406
499.505
499.598
499.707
499.798
499.904
499.996
500.103
500.203
500.303
500.402
500.502
500.602
500.7
500.8
500.901
501
501.091
501.2
501.299
501.399
501.499
501.59
501.698
501.798
501.896
501.988
502.097
502.189
502.296
502.396
502.486
502.587
502.695
502.793
502.893
502.984
503.085
503.192
503.285
503.388
503.491
503.591
503.682
503.79
503.89
503.981
504.081
504.181
504.283
504.388
504.487
504.587
504.687
504.787
504.884
504.986
505.086
505.185
505.276
505.385
505.481
505.584
505.684
505.775
505.877
505.98
506.081
506.181
506.282
506.373
506.475
506.581
506.674
506.775
506.879
506.971
507.07
507.171
507.278
507.378
507.474
507.568
507.669
507.77
507.875
507.971
508.076
508.174
508.27
508.37
508.473
508.574
508.669
508.769
508.872
508.964
509.071
509.168
509.272
509.37
509.461
509.571
509.669
509.769
509.86
509.963
510.064
510.164
510.264
510.365
510.465
510.566
510.666
510.766
510.864
510.965
511.056
511.157
511.263
511.362
511.462
511.563
511.654
511.762
511.86
511.96
512.061
512.152
512.254
512.35
512.46
512.553
512.655
512.759
512.859
512.957
513.048
513.149
513.257
513.351
513.455
513.555
513.656
513.746
513.847
513.95
514.051
514.153
514.254
514.345
514.452
514.552
514.65
514.751
514.851
514.952
515.05
515.15
515.246
515.347
515.449
515.548
515.648
515.748
515.849
515.947
516.047
516.143
516.246
516.346
516.446
516.539
516.645
516.744
516.844
516.944
517.044
517.143
517.243
517.344
517.434
517.535
517.637
517.741
517.841
517.941
518.04
518.14
518.24
518.339
518.439
518.539
518.638
518.737
518.838
518.935
519.036
519.137
519.236
519.336
519.433
519.534
519.634
519.735
519.833
519.932
520.032
520.133
520.233
520.333
520.425
520.532
520.627
520.729
520.83
520.931
521.029
521.13
521.23
521.328
521.421
521.521
521.627
521.723
521.828
521.926
522.026
522.118
522.225
522.325
522.421
522.524
522.624
522.716
522.823
522.915
523.02
523.121
523.221
523.322
523.412
523.521
523.621
523.72
523.82
523.913
524.009
524.119
524.219
524.318
524.411
524.518
524.617
524.717
524.815
524.916
525.009
525.114
525.215
525.315
525.415
525.514
525.611
525.714
525.805
525.913
526.004
526.111
526.203
526.304
526.41
526.506
526.61
526.701
526.802
526.905
527.004
527.105
527.209
527.307
527.407
527.508
527.606
527.706
527.807
527.898
527.999
528.1
528.202
528.3
528.404
528.503
528.603
528.703
528.796
528.902
529
529.099
529.199
529.301
529.4
529.498
529.599
529.699
529.799
529.899
529.99
530.098
530.198
530.294
530.397
530.497
530.596
530.696
530.796
530.894
530.991
531.092
531.193
531.294
531.394
531.492
531.59
531.691
531.791
531.892
531.992
532.083
532.183
532.291
532.389
532.483
532.59
532.688
532.789
532.884
532.987
533.084
533.185
533.285
533.386
533.477
533.585
533.683
533.785
533.884
533.984
534.078
534.174
534.274
534.383
534.474
534.582
534.674
534.775
534.878
534.972
535.08
535.175
535.275
535.379
535.474
535.575
535.677
535.778
535.878
535.977
536.068
536.177
536.276
536.367
536.476
536.574
536.675
536.775
536.874
536.969
537.069
537.169
537.267
537.373
537.464
537.564
537.672
537.77
537.871
537.971
538.064
538.17
538.26
538.36
538.469
538.56
538.661
538.761
538.868
538.966
539.066
539.167
539.258
539.365
539.46
539.564
539.664
539.759
539.864
539.958
540.058
540.159
540.26
540.362
540.454
540.561
540.655
540.756
540.857
540.96
541.054
541.159
541.258
541.349
541.458
541.558
541.648
541.749
541.857
541.948
542.053
542.156
542.255
542.351
542.452
542.553
542.648
542.748
542.852
542.953
543.053
543.143
543.244
543.344
543.448
543.55
543.642
543.742
543.849
543.95
544.041
544.147
544.247
544.338
544.447
544.538
544.641
544.739
544.839
544.945
545.036
545.145
545.244
545.344
545.435
545.535
545.643
545.736
545.842
545.933
546.042
546.141
546.241
546.341
546.436
546.537
546.637
546.738
546.833
546.933
547.034
547.135
547.238
547.334
547.435
547.537
547.635
547.736
547.826
547.927
548.028
548.128
548.233
548.334
548.428
548.529
548.633
548.724
548.824
548.932
549.028
549.128
549.23
549.331
549.429
549.528
549.627
549.728
549.828
549.929
550.027
550.118
550.227
550.323
550.424
550.522
550.618
550.719
550.825
550.924
551.024
551.124
551.219
551.32
551.42
551.522
551.613
551.713
551.821
551.921
552.021
552.12
552.22
552.317
552.419
552.519
552.619
552.716
552.817
552.918
553.017
553.109
553.217
553.309
553.416
553.516
553.615
553.715
553.805
553.913
554.014
554.112
554.212
554.308
554.413
554.504
554.612
554.712
554.804
554.905
555.005
555.108
555.21
555.308
555.409
555.509
555.6
555.702
555.804
555.902
556.003
556.099
556.2
556.305
556.4
556.504
556.598
556.704
556.799
556.903
556.999
557.1
557.2
557.302
557.402
557.501
557.601
557.7
557.792
557.9
557.998
558.099
558.199
558.293
558.398
558.497
558.597
558.697
558.789
558.897
558.992
559.096
559.196
559.286
559.395
559.494
559.585
559.694
559.785
559.885
559.986
560.09
560.192
560.285
560.392
560.491
560.591
560.691
560.79
560.89
560.99
561.089
561.189
561.285
561.383
561.488
561.579
561.678
561.787
561.878
561.979
562.086
562.18
562.284
562.385
562.476
562.574
562.684
562.777
562.878
562.979
563.08
563.18
563.281
563.373
563.474
563.574
563.676
563.779
563.88
563.979
564.078
564.174
564.278
564.374
564.474
564.575
564.667
564.769
564.869
564.97
565.075
565.175
565.269
565.374
565.474
565.572
565.673
565.773
565.872
565.966
566.065
566.171
566.267
566.369
566.47
566.57
566.662
566.769
566.863
566.968
567.059
567.159
567.268
567.364
567.462
567.567
567.664
567.765
567.865
567.964
568.062
568.163
568.263
568.364
568.464
568.562
568.654
568.763
568.861
568.954
569.062
569.16
569.258
569.358
569.459
569.559
569.66
569.758
569.849
569.95
570.051
570.156
570.258
570.347
570.447
570.557
570.649
570.754
570.855
570.947
571.047
571.148
571.253
571.348
571.453
571.552
571.644
571.752
571.843
571.945
572.051
572.142
572.25
572.35
572.443
572.543
572.649
572.748
572.848
572.948
573.042
573.142
573.243
573.345
573.44
573.546
573.642
573.742
573.844
573.944
574.044
574.142
574.233
574.342
574.434
574.536
574.637
574.742
574.84
574.939
575.041
575.139
575.24
575.334
575.438
575.539
575.639
575.73
575.837
575.938
576.032
576.134
576.235
576.335
576.435
576.527
576.627
576.729
576.829
576.933
577.029
577.129
577.231
577.332
577.432
577.53
577.631
577.731
577.83
577.923
578.026
578.125
578.229
578.329
578.423
578.528
578.628
578.719
578.819
578.927
579.021
579.126
579.226
579.318
579.425
579.525
579.623
579.724
579.824
579.922
580.023
580.115
580.214
580.322
580.414
580.52
580.612
580.72
580.819
580.913
581.02
581.112
581.21
581.319
581.412
581.517
581.618
581.714
581.813
581.914
582.006
582.115
582.215
582.314
582.408
582.508
582.613
582.71
582.813
582.912
583.013
583.104
583.211
583.311
583.411
583.502
583.603
583.704
583.805
583.907
584.007
584.108
584.2
584.305
584.407
584.504
584.605
584.706
584.806
584.905
585.005
585.104
585.204
585.295
585.402
585.502
585.603
585.703
585.801
585.902
586.002
586.102
586.191
586.292
586.401
586.499
586.6
586.7
586.792
586.899
586.999
587.092
587.197
587.289
587.39
587.496
587.596
587.686
587.787
587.896
587.989
588.091
588.195
588.285
588.385
588.494
588.591
588.689
588.793
588.884
588.985
589.092
589.19
589.286
589.386
589.486
589.587
589.689
589.788
589.888
589.984
590.084
590.187
590.287
590.386
590.477
590.584
590.675
590.776
590.876
590.983
591.084
591.184
591.278
591.382
591.483
591.572
591.681
591.779
591.879
591.975
592.081
592.179
592.279
592.379
592.478
592.572
592.679
592.774
592.877
592.971
593.076
593.17
593.276
593.375
593.475
593.572
593.672
593.773
593.873
593.971
594.071
594.173
594.27
594.372
594.472
594.567
594.668
594.769
594.86
594.97
595.066
595.16
595.259
595.36
595.467
595.567
595.667
595.765
595.866
595.967
596.065
596.156
596.256
596.357
596.464
596.559
596.662
596.762
596.854
596.962
597.055
597.162
597.261
597.36
597.461
597.56
597.66
597.754
597.858
597.959
598.051
598.152
598.258
598.354
598.454
598.553
598.656
598.754
598.848
598.954
599.054
599.154
599.248
599.351
599.453
599.549
599.652
599.748
599.849
599.949
600.051
600.147
600.247
600.346
600.447
600.549
600.649
600.749
600.848
600.942
601.048
601.146
601.246
601.346
601.44
601.541
601.642
601.742
601.844
601.943
602.043
602.138
602.239
602.341
602.442
602.542
602.641
602.741
602.832
602.933
603.039
603.131
603.239
603.331
603.432
603.535
603.633
603.737
603.837
603.937
604.033
604.133
604.234
604.332
604.434
604.535
604.635
604.733
604.833
604.926
605.022
605.132
605.232
605.327
605.431
605.529
605.63
605.729
605.83
605.928
606.021
606.122
606.228
606.324
606.427
606.522
606.627
606.727
606.817
606.918
607.017
607.124
607.217
607.325
607.418
607.52
607.624
607.722
607.822
607.923
608.021
608.118
608.216
608.318
608.411
608.52
608.619
608.719
608.81
608.918
609.017
609.11
609.209
609.317
609.408
609.515
609.61
609.716
609.81
609.913
610.015
610.111
610.211
610.306
610.412
610.513
610.613
610.711
610.812
610.905
611.01
611.102
611.202
611.308
611.399
611.509
611.604
611.7
611.808
611.907
612.005
612.106
612.206
612.297
612.406
612.504
612.605
612.697
612.798
612.903
612.998
613.102
613.198
613.303
613.402
613.502
613.597
613.701
613.792
613.901
613.999
614.1
614.192
614.298
614.398
614.49
614.591
614.696
614.798
614.896
614.996
615.096
615.195
615.288
615.395
615.488
615.594
615.689
615.793
615.893
615.993
616.085
616.186
616.283
616.391
616.484
616.59
616.689
616.787
616.889
616.982
617.088
617.186
617.286
617.387
617.487
617.58
617.686
617.781
617.885
617.981
618.082
618.184
618.275
618.38
618.483
618.579
618.683
618.781
618.882
618.977
619.08
619.18
619.281
619.379
619.48
619.58
619.678
619.779
619.878
619.977
620.077
620.178
620.276
620.376
620.476
620.575
620.675
620.775
620.873
620.974
621.074
621.173
621.273
621.373
621.471
621.569
621.672
621.77
621.871
621.971
622.069
622.17
622.27
622.368
622.468
622.569
622.667
622.768
622.865
622.964
623.066
623.166
623.265
623.365
623.466
623.564
623.664
623.761
623.863
623.963
624.063
624.162
624.262
624.362
624.461
624.561
624.662
624.76
624.86
624.96
625.059
625.159
625.258
625.357
625.458
625.556
625.656
625.756
625.857
625.955
626.055
626.155
626.254
626.355
626.454
626.553
626.654
626.753
626.852
626.953
627.052
627.151
627.251
627.352
627.449
627.55
627.651
627.742
627.849
627.949
628.047
628.147
628.248
628.347
628.447
628.546
628.645
628.746
628.845
628.945
629.044
629.145
629.243
629.343
629.443
629.533
629.642
629.742
629.841
629.939
630.042
630.14
630.24
630.337
630.433
630.539
630.639
630.737
630.838
630.938
631.037
631.137
631.237
631.33
631.435
631.536
631.634
631.73
631.835
631.934
632.034
632.134
632.233
632.327
632.428
632.528
632.629
632.731
632.83
632.923
633.024
633.126
633.23
633.33
633.428
633.526
633.627
633.719
633.827
633.928
634.022
634.123
634.226
634.325
634.425
634.518
634.624
634.72
634.824
634.923
635.023
635.123
635.222
635.318
635.422
635.519
635.619
635.719
635.82
635.92
636.02
636.119
636.22
636.32
636.412
636.516
636.611
636.717
636.817
636.916
637.016
637.107
637.216
637.314
637.415
637.513
637.614
637.71
637.814
637.904
638.012
638.113
638.21
638.311
638.411
638.51
638.61
638.711
638.808
638.91
639
639.108
639.209
639.308
639.407
639.502
639.607
639.704
639.805
639.906
640.005
640.105
640.205
640.297
640.404
640.498
640.599
640.7
640.802
640.902
640.993
641.101
641.201
641.301
641.401
641.493
641.6
641.7
641.799
641.889
641.99
642.091
642.192
642.298
642.395
642.497
642.597
642.687
642.796
642.896
642.987
643.094
643.19
643.291
643.393
643.494
643.592
643.692
643.793
643.884
643.984
644.085
644.19
644.29
644.39
644.489
644.581
644.689
644.788
644.885
644.985
645.086
645.186
645.287
645.386
645.486
645.586
645.677
645.785
645.885
645.976
646.074
646.184
646.282
646.383
646.48
646.581
646.674
646.782
646.88
646.98
647.081
647.177
647.279
647.374
647.477
647.578
647.676
647.777
647.877
647.977
648.068
648.176
648.269
648.375
648.474
648.575
648.674
648.768
648.874
648.967
649.068
649.173
649.271
649.372
649.465
649.57
649.661
649.771
649.869
649.969
650.07
650.16
650.268
650.369
650.459
650.567
650.665
650.765
650.857
650.966
651.058
651.164
651.265
651.364
651.464
651.564
651.655
651.756
651.863
651.958
652.059
652.16
652.26
652.361
652.461
652.559
652.65
652.76
652.852
652.953
653.059
653.157
653.252
653.353
653.454
653.554
653.654
653.755
653.855
653.955
654.054
654.154
654.25
654.353
654.451
654.551
654.651
654.751
654.852
654.951
655.042
655.151
655.245
655.346
655.45
655.548
655.649
655.745
655.845
655.948
656.048
656.146
656.237
656.347
656.437
656.545
656.646
656.738
656.844
656.935
657.035
657.135
657.235
657.338
657.442
657.534
657.635
657.741
657.833
657.94
658.035
658.14
658.239
658.333
658.439
658.531
658.631
658.738
658.83
658.931
659.034
659.135
659.235
659.336
659.434
659.528
659.635
659.733
659.831
659.934
660.022
660.125
660.233
660.323
660.431
660.531
660.629
660.721
660.821
660.929
661.029
661.125
661.227
661.328
661.428
661.526
661.627
661.718
661.819
661.926
662.026
662.124
662.225
662.322
662.422
662.523
662.624
662.716
662.823
662.916
663.021
663.117
663.217
663.32
663.42
663.514
663.619
663.719
663.819
663.918
664.018
664.119
664.217
664.317
664.417
664.516
664.616
664.708
664.808
664.915
665.015
665.114
665.205
665.306
665.412
665.508
665.609
665.711
665.809
665.912
666.01
666.111
666.211
666.309
666.4
666.509
666.608
666.709
666.808
666.907
667.006
667.107
667.205
667.304
667.406
667.496
667.596
667.697
667.796
667.896
667.999
668.094
668.199
668.299
668.4
668.501
668.601
668.698
668.793
668.9
668.998
669.098
669.198
669.298
669.398
669.499
669.597
669.688
669.798
669.889
669.991
670.092
670.192
670.295
670.394
670.485
670.585
670.685
670.793
670.888
670.994
671.092
671.192
671.284
671.386
671.482
671.582
671.682
671.783
671.883
671.984
672.085
672.186
672.286
672.381
672.488
672.579
672.683
672.781
672.881
672.985
673.084
673.184
673.285
673.383
673.483
673.583
673.683
673.773
673.881
673.981
674.08
674.18
674.282
674.371
674.48
674.58
674.671
674.773
674.875
674.975
675.078
675.172
675.273
675.377
675.477
675.574
675.673
675.775
675.869
675.975
676.065
676.174
676.27
676.371
676.471
676.572
676.663
676.763
676.864
676.972
677.07
677.17
677.271
677.36
677.469
677.564
677.668
677.759
677.868
677.967
678.067
678.167
678.266
678.365
678.464
678.565
678.665
678.756
678.856
678.957
679.064
679.161
679.262
679.363
679.454
679.562
679.654
679.76
679.855
679.954
680.059
680.159
680.253
680.358
680.458
680.558
680.656
680.757
680.855
680.956
681.056
681.149
681.255
681.355
681.451
681.554
681.654
681.754
681.845
681.947
682.048
682.143
682.244
682.345
682.45
682.551
682.647
682.748
682.848
682.948
683.039
683.148
683.248
683.347
683.447
683.542
683.64
683.738
683.84
683.94
684.037
684.143
684.238
684.344
684.438
684.538
684.64
684.74
684.842
684.942
685.042
685.132
685.241
685.341
685.431
685.531
685.634
685.737
685.836
685.937
686.029
686.13
686.23
686.328
686.429
686.53
686.631
686.73
686.83
686.933
687.034
687.131
687.232
687.332
687.433
687.532
687.632
687.728
687.828
687.927
688.031
688.121
688.228
688.322
688.422
688.519
688.62
688.72
688.82
688.921
689.023
689.122
689.222
689.325
689.424
689.525
689.624
689.724
689.824
689.923
690.019
690.12
690.222
690.32
690.423
690.521
690.612
690.712
690.812
690.912
691.013
691.119
691.214
691.319
691.41
691.517
691.618
691.716
691.812
691.915
692.015
692.107
692.208
692.309
692.415
692.505
692.613
692.714
692.81
692.911
693.012
693.111
693.205
693.306
693.407
693.505
693.605
693.71
693.808
693.909
694.01
694.108
694.199
694.305
694.406
694.5
694.607
694.706
694.806
694.906
695.002
695.105
695.201
695.301
695.402
695.504
695.603
695.703
695.803
695.894
696.002
696.102
696.2
696.301
696.401
696.499
696.599
696.69
696.791
696.898
696.998
697.097
697.197
697.297
697.396
697.487
697.597
697.688
697.795
697.895
697.994
698.085
698.194
698.285
698.386
698.487
698.587
698.692
698.792
698.89
698.991
699.091
699.183
699.29
699.387
699.487
699.589
699.689
699.785
699.887
699.988
700.086
700.183
700.287
700.385
700.482
700.583
700.684
700.784
700.885
700.983
701.076
701.183
701.274
701.375
701.476
701.576
701.676
701.781
701.872
701.98
702.075
702.178
702.279
702.369
702.477
702.574
702.678
702.776
702.876
702.977
703.075
703.174
703.276
703.367
703.474
703.565
703.666
703.767
703.873
703.964
704.072
704.172
704.271
704.366
704.471
704.562
704.664
704.77
704.862
704.969
705.068
705.168
705.268
705.36
705.466
705.558
705.658
705.764
705.865
705.966
706.064
706.156
706.265
706.359
706.461
706.562
706.653
706.762
706.862
706.954
707.061
707.161
707.252
707.36
707.46
707.553
707.653
707.759
707.858
707.949
708.058
708.149
708.251
708.357
708.451
708.554
708.655
708.754
708.855
708.951
709.051
709.152
709.253
709.345
709.449
709.553
709.643
709.746
709.852
709.95
710.046
710.15
710.249
710.349
710.449
710.539
710.648
710.748
710.847
710.945
711.047
711.146
711.246
711.346
711.445
711.545
711.637
711.738
711.844
711.944
712.042
712.143
712.243
712.341
712.441
712.533
712.634
712.74
712.841
712.939
713.031
713.132
713.238
713.338
713.438
713.537
713.637
713.737
713.836
713.929
714.036
714.127
714.235
714.335
714.425
714.534
714.634
714.733
714.828
714.928
715.029
715.132
715.232
715.33
715.431
715.531
715.629
715.73
715.82
715.921
716.028
716.122
716.227
716.327
716.419
716.526
716.626
716.727
716.825
716.916
717.026
717.118
717.22
717.324
717.416
717.523
717.618
717.722
717.822
717.922
718.021
718.114
718.217
718.317
718.418
718.52
718.618
718.714
718.819
718.917
719.014
719.115
719.216
719.316
719.417
719.515
719.615
719.716
719.809
719.909
720.01
720.11
720.21
720.312
720.411
720.505
720.612
720.711
720.811
720.903
721.01
721.108
721.21
721.309
721.409
721.509
721.598
721.699
721.808
721.906
721.997
722.107
722.198
722.304
722.405
722.504
722.595
722.705
722.803
722.894
722.995
723.095
723.194
723.294
723.396
723.495
723.601
723.692
723.797
723.898
723.998
724.099
724.199
724.291
724.398
724.498
724.589
724.697
724.788
724.893
724.996
725.096
725.191
725.295
725.396
725.484
725.585
725.685
725.787
725.888
725.988
726.091
726.189
726.29
726.386
726.489
726.587
726.687
726.788
726.887
726.981
727.084
727.188
727.283
727.384
727.482
727.585
727.685
727.786
727.884
727.984
728.084
728.183
728.282
728.378
728.479
728.579
728.683
728.781
728.881
728.973
729.075
729.175
729.275
729.378
729.474
729.574
729.677
729.778
729.873
729.977
730.069
730.177
730.276
730.374
730.475
730.574
730.668
730.775
730.871
730.971
731.072
731.172
731.272
731.372
731.462
731.569
731.667
731.768
731.868
731.97
732.064
732.164
732.265
732.368
732.467
732.562
732.658
732.759
732.864
732.961
733.058
733.159
733.262
733.362
733.462
733.563
733.659
733.76
733.861
733.958
734.063
734.161
734.252
734.353
734.455
734.558
734.66
734.757
734.857
734.959
735.057
735.154
735.255
735.356
735.456
735.557
735.647
735.747
735.848
735.948
736.049
736.151
736.25
736.35
736.449
736.551
736.643
736.747
736.847
736.948
737.048
737.148
737.242
737.346
737.446
737.546
737.65
737.748
737.845
737.946
738.037
738.147
738.245
738.34
738.44
738.546
738.645
738.735
738.845
738.944
739.044
739.144
739.236
739.333
739.433
739.533
739.633
739.733
739.837
739.934
740.035
740.135
740.235
740.338
740.428
740.538
740.634
740.734
740.829
740.938
741.035
741.133
741.233
741.335
741.435
741.533
741.624
741.729
741.827
741.927
742.031
742.133
742.224
742.325
742.426
742.526
742.627
742.731
742.83
742.93
743.03
743.127
743.227
743.328
743.427
743.528
743.628
743.719
743.825
743.927
744.025
744.126
744.221
744.324
744.424
744.518
744.623
744.715
744.816
744.922
745.022
745.123
745.221
745.321
745.421
745.515
745.617
745.717
745.818
745.919
746.013
746.116
746.218
746.318
746.408
746.509
746.617
746.715
746.816
746.916
747.008
747.115
747.212
747.313
747.413
747.514
747.605
747.708
747.813
747.903
748.011
748.109
748.209
748.306
748.406
748.506
748.606
748.709
748.806
748.907
749.007
749.098
749.207
749.304
749.404
749.506
749.606
749.705
749.802
749.898
750
750.099
750.199
750.3
750.4
750.502
750.601
750.701
750.792
750.893
750.994
751.101
751.199
751.292
751.392
751.492
751.598
751.699
751.794
751.894
751.997
752.096
752.189
752.289
752.39
752.49
752.592
752.686
752.794
752.887
752.993
753.093
753.184
753.292
753.392
753.483
753.591
753.691
753.789
753.89
753.98
754.09
754.186
754.285
754.385
754.485
754.585
754.686
754.786
754.887
754.987
755.081
755.185
755.286
755.378
755.48
755.581
755.683
755.783
755.884
755.982
756.073
756.183
756.281
756.381
756.475
756.577
756.68
756.781
756.879
756.979
757.07
757.178
757.278
757.379
757.477
757.577
757.676
757.772
757.873
757.973
758.065
758.165
758.266
758.366
758.467
758.574
758.673
758.763
758.864
758.965
759.072
759.164
759.264
759.37
759.47
759.57
759.67
759.764
759.865
759.965
760.069
760.162
760.266
760.367
760.459
760.559
760.66
760.766
760.866
760.956
761.064
761.165
761.264
761.363
761.46
761.56
761.662
761.763
761.857
761.961
762.058
762.16
762.26
762.359
762.461
762.559
762.659
762.758
762.855
762.957
763.058
763.148
763.255
763.351
763.456
763.555
763.654
763.754
763.855
763.949
764.044
764.144
764.245
764.353
764.453
764.544
764.652
764.744
764.852
764.944
765.044
765.151
765.25
765.35
765.45
765.549
765.645
765.745
765.848
765.938
766.039
766.146
766.243
766.344
766.444
766.546
766.64
766.74
766.841
766.945
767.036
767.144
767.244
767.335
767.435
767.543
767.635
767.742
767.832
767.933
768.04
768.134
768.239
768.339
768.44
768.538
768.638
768.739
768.837
768.937
769.028
769.128
769.236
769.337
769.429
769.535
769.636
769.734
769.834
769.934
770.033
770.133
770.233
770.324
770.425
770.532
770.631
770.727
770.828
770.93
771.03
771.122
771.229
771.32
771.421
771.528
771.628
771.728
771.827
771.918
772.018
772.126
772.226
772.326
772.417
772.525
772.625
772.724
772.824
772.915
773.022
773.118
773.218
773.321
773.422
773.522
773.613
773.714
773.821
773.919
774.019
774.111
774.218
774.316
774.419
774.517
774.61
774.718
774.813
774.914
775.009
775.109
775.209
775.309
775.411
775.515
775.615
775.713
775.81
775.911
776.011
776.11
776.206
776.31
776.41
776.505
776.61
776.71
776.81
776.905
777.007
777.106
777.202
777.3
777.4
777.507
777.607
777.707
777.802
777.903
778.006
778.099
778.2
778.3
778.403
778.501
778.601
778.702
778.797
778.9
779.001
779.102
779.202
779.295
779.395
779.496
779.599
779.7
779.8
779.898
779.993
780.094
780.194
780.295
780.398
780.491
780.591
780.691
780.795
780.886
780.986
781.093
781.194
781.287
781.393
781.489
781.589
781.684
781.787
781.886
781.991
782.087
782.187
782.284
782.382
782.482
782.582
782.683
782.789
782.888
782.983
783.083
783.184
783.278
783.387
783.485
783.586
783.677
783.782
783.878
783.978
784.075
784.181
784.284
784.38
784.48
784.583
784.681
784.782
784.873
784.98
785.081
785.181
785.279
785.38
785.471
785.572
785.672
785.779
785.877
785.969
786.078
786.176
786.276
786.377
786.475
786.566
786.666
786.774
786.873
786.974
787.073
787.173
787.266
787.366
787.472
787.573
787.663
787.764
787.872
787.97
788.07
788.17
788.261
788.369
788.46
788.568
788.668
788.768
788.863
788.967
789.067
789.166
789.266
789.366
789.457
789.558
789.658
789.761
789.864
789.961
790.06
790.161
790.263
790.356
790.454
790.554
790.661
790.761
790.861
790.954
791.052
791.152
791.253
791.355
791.458
791.548
791.658
791.749
791.85
791.95
792.05
792.156
792.255
792.356
792.446
792.555
792.65
792.751
792.851
792.952
793.048
793.152
793.248
793.348
793.451
793.55
793.65
793.741
793.847
793.943
794.043
794.144
794.247
794.348
794.449
794.54
794.644
794.746
794.845
794.94
795.039
795.143
795.24
795.345
795.437
795.544
795.644
795.745
795.835
795.937
796.036
796.141
796.234
796.336
796.441
796.541
796.636
796.737
796.84
796.939
797.031
797.132
797.237
797.338
797.429
797.529
797.634
797.732
797.828
797.936
798.03
798.133
798.234
798.334
798.433
798.526
798.626
798.732
798.833
798.933
799.03
799.128
799.232
799.33
799.43
799.531
799.629
799.722
799.821
799.922
800.022
800.124
800.224
800.327
800.427
800.526
800.626
800.723
800.823
800.923
801.025
801.118
801.219
801.321
801.423
801.52
801.62
801.721
801.816
801.919
802.02
802.121
802.221
802.318
802.419
802.518
802.615
802.713
802.819
802.916
803.018
803.109
803.216
803.311
803.417
803.513
803.613
803.714
803.814
803.91
804.01
804.111
804.214
804.308
804.409
804.513
804.613
804.711
804.81
804.912
805.01
805.108
805.208
805.308
805.409
805.5
805.6
805.704
805.805
805.906
806.007
806.108
806.206
806.306
806.403
806.505
806.605
806.705
806.804
806.904
807.003
807.103
807.203
807.303
807.394
807.497
807.595
807.697
807.797
807.899
807.999
808.1
808.197
808.297
808.398
808.498
808.592
808.692
808.793
808.897
808.991
809.088
809.188
809.291
809.391
809.493
809.593
809.693
809.784
809.884
809.987
810.087
810.189
810.29
810.391
810.492
810.591
810.684
810.79
810.885
810.986
811.087
811.188
811.288
811.38
811.48
811.579
811.679
811.783
811.883
811.983
812.085
812.185
812.285
812.385
812.476
812.576
812.677
812.778
812.88
812.98
813.08
813.172
813.273
813.381
813.472
813.573
813.674
813.775
813.875
813.979
814.077
814.175
814.274
814.371
814.478
814.569
814.67
814.773
814.875
814.976
815.074
815.174
815.274
815.375
815.47
815.571
815.671
815.772
815.873
815.972
816.068
816.167
816.267
816.371
816.466
816.566
816.667
816.769
816.867
816.963
817.069
817.16
817.26
817.362
817.463
817.566
817.665
817.767
817.859
817.959
818.059
818.16
818.26
818.361
818.461
818.561
818.662
818.753
818.853
818.962
819.06
819.16
819.257
819.358
819.46
819.56
819.651
819.756
819.859
819.957
820.048
820.149
820.257
820.351
820.451
820.552
820.654
820.747
820.853
820.947
821.048
821.15
821.25
821.351
821.453
821.553
821.645
821.745
821.845
821.947
822.047
822.151
822.244
822.349
822.45
822.543
822.643
822.745
822.848
822.943
823.048
823.148
823.238
823.346
823.447
823.545
823.646
823.742
823.842
823.934
824.045
824.135
824.235
824.336
824.437
824.537
824.643
824.733
824.834
824.937
825.035
825.136
825.237
825.338
825.439
825.539
825.63
825.73
825.831
825.935
826.032
826.135
826.234
826.329
826.436
826.535
826.63
826.731
826.834
826.934
827.034
827.126
827.225
827.326
827.426
827.526
827.632
827.73
827.824
827.928
828.025
828.125
828.229
828.328
828.419
828.521
828.627
828.727
828.828
828.926
829.027
829.119
829.225
829.318
829.424
829.524
829.62
829.722
829.822
829.922
830.022
830.122
830.222
830.313
830.413
830.513
830.614
830.719
830.82
830.918
831.019
831.11
831.21
831.318
831.409
831.509
831.612
831.712
831.817
831.915
832.016
832.116
832.208
832.311
832.412
832.512
832.614
832.713
832.803
832.913
833.011
833.111
833.212
833.31
833.404
833.504
833.611
833.701
833.802
833.902
834.006
834.108
834.201
834.302
834.398
834.499
834.607
834.701
834.807
834.903
835.006
835.104
835.204
835.305
835.396
835.503
835.604
835.704
835.794
835.902
836.003
836.099
836.195
836.295
836.395
836.495
836.6
836.69
836.791
836.891
836.992
837.093
837.193
837.293
837.394
837.494
837.594
837.694
837.794
837.885
837.986
838.093
838.194
838.29
838.394
838.491
838.591
838.691
838.791
838.892
838.984
839.085
839.185
839.285
839.386
839.486
839.586
839.687
839.782
839.883
839.984
840.084
840.188
840.286
840.387
840.487
840.578
840.686
840.786
840.882
840.983
841.083
841.183
841.284
841.384
841.474
841.583
841.675
841.777
841.878
841.979
842.076
842.174
842.275
842.376
842.477
842.576
842.676
842.778
842.869
842.972
843.074
843.174
843.268
843.376
843.477
843.567
843.667
843.768
843.868
843.972
844.074
844.173
844.272
844.373
844.47
844.57
844.67
844.771
844.868
844.968
845.062
845.17
845.264
845.368
845.469
845.569
845.668
845.768
845.868
845.959
846.06
846.163
846.262
846.365
846.465
846.555
846.66
846.757
846.857
846.963
847.059
847.159
847.259
847.359
847.46
847.556
847.657
847.753
847.859
847.96
848.051
848.152
848.253
848.353
848.458
848.558
848.648
848.757
848.857
848.953
849.054
849.154
849.255
849.355
849.455
849.554
849.645
849.745
849.852
849.945
850.046
850.145
850.243
850.343
850.449
850.551
850.651
850.748
850.85
850.944
851.045
851.145
851.245
851.347
851.447
851.548
851.646
851.737
851.838
851.938
852.045
852.142
852.238
852.344
852.442
852.543
852.643
852.743
852.834
852.94
853.036
853.138
853.238
853.339
853.44
853.531
853.633
853.734
853.834
853.935
854.038
854.138
854.238
854.33
854.437
854.537
854.628
854.728
854.836
854.933
855.032
855.135
855.233
855.326
855.433
855.531
855.632
855.732
855.823
855.924
856.025
856.13
856.227
856.327
856.427
856.528
856.628
856.728
856.826
856.926
857.02
857.127
857.227
857.318
857.426
857.522
857.623
857.725
857.822
857.915
858.016
858.124
858.217
858.318
858.415
858.515
858.616
858.715
858.816
858.917
859.012
859.113
859.213
859.313
859.413
859.513
859.614
859.715
859.818
859.909
860.017
860.117
860.208
860.309
860.411
860.511
860.614
860.713
860.814
860.904
861.009
861.107
861.206
861.306
861.406
861.512
861.608
861.712
861.81
861.907
862.008
862.109
862.2
862.31
862.402
862.504
862.609
862.7
862.8
862.907
863.006
863.107
863.205
863.304
863.405
863.503
863.604
863.705
863.805
863.903
864.003
864.101
864.2
864.301
864.402
864.501
864.602
864.702
864.793
864.893
864.994
865.099
865.195
865.3
865.397
865.49
865.591
865.697
865.791
865.889
865.989
866.091
866.196
866.295
866.395
866.486
866.587
866.691
866.795
866.888
866.988
867.093
867.184
867.287
867.39
867.49
867.591
867.691
867.781
867.884
867.984
868.084
868.186
868.287
868.384
868.484
868.584
868.684
868.777
868.878
868.984
869.084
869.185
869.275
869.375
869.477
869.577
869.678
869.778
869.873
869.981
870.081
870.172
870.272
870.373
870.474
870.573
870.675
870.775
870.879
870.972
871.074
871.174
871.275
871.372
871.473
871.574
871.675
871.776
871.872
871.974
872.075
872.171
872.274
872.366
872.466
872.574
872.672
872.772
872.87
872.971
873.069
873.169
873.269
873.363
873.47
873.569
873.67
873.769
873.869
873.965
874.068
874.165
874.268
874.366
874.466
874.567
874.665
874.757
874.866
874.964
875.059
875.164
875.259
875.359
875.46
875.56
875.663
875.762
875.861
875.961
876.057
876.16
876.26
876.361
876.457
876.559
876.66
876.748
876.858
876.958
877.049
877.149
877.257
877.354
877.456
877.554
877.651
877.753
877.853
877.953
878.054
878.153
878.253
878.353
878.449
878.548
878.649
878.749
878.849
878.95
879.049
879.142
879.241
879.342
879.442
879.542
879.642
879.743
879.842
879.944
880.043
880.144
880.244
880.345
880.445
880.545
880.639
880.744
880.84
880.941
881.041
881.141
881.242
881.341
881.442
881.532
881.633
881.733
881.833
881.933
882.034
882.134
882.235
882.337
882.438
882.538
882.636
882.736
882.836
882.937
883.032
883.131
883.236
883.328
883.433
883.532
883.632
883.731
883.831
883.931
884.032
884.123
884.225
884.327
884.431
884.53
884.63
884.722
884.828
884.926
885.026
885.128
885.228
885.328
885.427
885.527
885.627
885.72
885.826
885.925
886.016
886.123
886.224
886.323
886.415
886.524
886.615
886.723
886.823
886.921
887.019
887.12
887.21
887.32
887.421
887.519
887.619
887.71
887.811
887.918
888.016
888.117
888.217
888.317
888.409
888.509
888.616
888.707
888.815
888.906
889.01
889.114
889.214
889.313
889.413
889.509
889.61
889.712
889.806
889.91
890.005
890.106
890.204
890.304
890.41
890.508
890.601
890.709
890.799
890.907
891.008
891.106
891.2
891.305
891.405
891.505
891.604
891.701
891.801
891.899
892.003
892.103
892.203
892.294
892.4
892.498
892.599
892.7
892.801
892.892
892.996
893.1
893.198
893.299
893.395
893.495
893.597
893.697
893.787
893.893
893.993
894.093
894.191
894.288
894.389
894.49
894.588
894.691
894.791
894.893
894.991
895.087
895.192
895.287
895.389
895.491
895.581
895.681
895.786
895.886
895.986
896.086
896.186
896.286
896.388
896.477
896.581
896.679
896.783
896.885
896.985
897.084
897.175
897.284
897.375
897.475
897.58
897.678
897.782
897.875
897.976
898.081
898.173
898.274
898.375
898.475
898.576
898.677
898.777
898.877
898.977
899.078
899.176
899.276
899.377
899.472
899.571
899.673
899.773
899.872
899.972
900.072
900.173
900.264
900.367
900.472
900.572
900.671
900.764
900.871
900.962
901.063
901.169
901.269
901.369
901.469
901.56
901.661
901.768
901.859
901.959
902.061
902.165
902.262
902.362
902.463
902.564
902.659
902.76
902.854
902.954
903.062
903.154
903.262
903.361
903.452
903.553
903.66
903.756
903.86
903.959
904.053
904.159
904.254
904.354
904.451
904.556
904.655
904.757
904.854
904.956
905.056
905.149
905.251
905.351
905.451
905.554
905.651
905.752
905.846
905.953
906.051
906.151
906.252
906.35
906.448
906.548
906.644
906.746
906.848
906.948
907.048
907.145
907.239
907.338
907.447
907.546
907.644
907.746
907.838
907.938
908.045
908.144
908.242
908.344
908.442
908.534
908.634
908.742
908.842
908.942
909.036
909.136
909.236
909.34
909.438
909.531
909.639
909.738
909.838
909.938
910.03
910.13
910.229
910.337
910.432
910.535
910.636
910.728
910.835
910.935
911.028
911.128
911.234
911.334
911.432
911.529
911.633
911.728
911.832
911.932
912.03
912.131
912.229
912.329
912.426
912.526
912.628
912.728
912.829
912.919
913.027
913.128
913.226
913.326
913.418
913.525
913.623
913.721
913.821
913.924
914.016
914.123
914.213
914.323
914.422
914.522
914.622
914.721
914.813
914.921
915.02
915.12
915.214
915.317
915.414
915.519
915.618
915.711
915.817
915.917
916.017
916.117
916.214
916.314
916.414
916.513
916.615
916.708
916.814
916.914
917.014
917.112
917.213
917.305
917.408
917.51
917.605
917.702
917.811
917.902
918.003
918.104
918.204
918.304
918.409
918.509
918.601
918.708
918.808
918.899
919.002
919.105
919.205
919.304
919.406
919.495
919.604
919.705
919.796
919.899
919.997
920.102
920.201
920.301
920.401
920.494
920.6
920.7
920.8
920.901
920.999
921.092
921.198
921.298
921.398
921.499
921.597
921.697
921.797
921.896
921.996
922.087
922.195
922.291
922.395
922.494
922.588
922.693
922.785
922.893
922.985
923.086
923.192
923.287
923.391
923.489
923.591
923.689
923.79
923.89
923.988
924.082
924.189
924.279
924.388
924.484
924.586
924.687
924.787
924.882
924.984
925.086
925.184
925.285
925.384
925.474
925.575
925.683
925.782
925.882
925.983
926.073
926.181
926.278
926.38
926.48
926.581
926.679
926.771
926.88
926.978
927.077
927.174
927.277
927.37
927.471
927.572
927.676
927.774
927.868
927.975
928.074
928.17
928.273
928.374
928.473
928.573
928.673
928.767
928.872
928.972
929.071
929.164
929.267
929.37
929.47
929.57
929.668
929.769
929.869
929.959
930.068
930.168
930.266
930.367
930.467
930.565
930.664
930.766
930.857
930.965
931.056
931.163
931.259
931.359
931.46
931.562
931.663
931.761
931.861
931.953
932.06
932.161
932.255
932.359
932.459
932.554
932.648
932.756
932.853
932.957
933.057
933.154
933.247
933.351
933.449
933.554
933.648
933.749
933.85
933.954
934.045
934.153
934.244
934.348
934.452
934.552
934.651
934.75
934.842
934.945
935.048
935.149
935.25
935.348
935.444
935.549
935.646
935.739
935.84
935.946
936.04
936.146
936.241
936.346
936.444
936.544
936.636
936.739
936.843
936.943
937.044
937.137
937.242
937.334
937.434
937.541
937.637
937.74
937.831
937.941
938.031
938.135
938.239
938.333
938.433
938.536
938.637
938.735
938.835
938.936
939.036
939.136
939.23
939.335
939.426
939.53
939.63
939.734
939.833
939.933
940.033
940.132
940.224
940.325
940.425
940.525
940.631
940.722
940.822
940.93
941.029
941.129
941.229
941.32
941.42
941.528
941.626
941.723
941.82
941.925
942.026
942.126
942.215
942.318
942.425
942.523
942.614
942.724
942.822
942.922
943.023
943.121
943.219
943.322
943.412
943.52
943.621
943.713
943.819
943.912
944.018
944.118
944.218
944.31
944.417
944.513
944.616
944.714
944.815
944.915
945.015
945.115
945.214
945.314
945.409
945.507
945.605
945.713
945.81
945.906
946.018
946.11
946.208
946.308
946.405
946.506
946.601
946.703
946.803
946.903
947.005
947.101
947.205
947.305
947.407
947.498
947.598
947.697
947.806
947.902
948.004
948.105
948.199
948.3
948.401
948.501
948.602
948.703
948.801
948.892
949.002
949.1
949.196
949.301
949.399
949.49
949.6
949.697
949.79
949.89
949.991
950.092
950.19
950.296
950.396
950.489
950.595
950.693
950.79
950.894
950.994
951.094
951.193
951.293
951.387
951.487
951.592
951.692
951.785
951.891
951.986
952.087
952.19
952.287
952.387
952.489
952.581
952.688
952.788
952.879
952.981
953.087
953.182
953.286
953.386
953.486
953.584
953.684
953.784
953.883
953.977
954.084
954.182
954.273
954.383
954.481
954.582
954.677
954.78
954.881
954.973
955.074
955.179
955.28
955.37
955.471
955.577
955.677
955.777
955.878
955.975
956.076
956.176
956.274
956.375
956.475
956.574
956.674
956.775
956.873
956.973
957.065
957.172
957.272
957.372
957.469
957.571
957.671
957.77
957.861
957.97
958.062
958.169
958.269
958.361
958.468
958.568
958.664
958.768
958.867
958.966
959.065
959.164
959.265
959.363
959.465
959.563
959.659
959.756
959.857
959.957
960.057
960.159
960.261
960.36
960.459
960.559
960.658
960.759
960.86
960.959
961.055
961.155
961.254
961.353
961.455
961.556
961.653
961.753
961.856
961.948
962.047
962.148
962.25
962.354
962.454
962.547
962.648
962.749
962.848
962.952
963.043
963.148
963.248
963.35
963.446
963.546
963.65
963.749
963.845
963.949
964.044
964.148
964.248
964.347
964.439
964.547
964.646
964.745
964.839
964.938
965.038
965.14
965.243
965.344
965.435
965.537
965.638
965.738
965.836
965.933
966.036
966.134
966.234
966.335
966.431
966.532
966.64
966.738
966.839
966.939
967.037
967.135
967.236
967.336
967.429
967.529
967.63
967.73
967.833
967.928
968.028
968.129
968.23
968.329
968.429
968.532
968.627
968.727
968.827
968.929
969.031
969.13
969.221
969.321
969.423
969.523
969.627
969.722
969.818
969.923
970.017
970.127
970.224
970.325
970.419
970.519
970.625
970.719
970.825
970.917
971.024
971.124
971.223
971.323
971.414
971.522
971.622
971.713
971.821
971.921
972.021
972.112
972.213
972.318
972.419
972.51
972.61
972.712
972.816
972.91
973.016
973.111
973.217
973.311
973.416
973.513
973.606
973.706
973.815
973.904
974.014
974.111
974.205
974.31
974.412
974.511
974.611
974.71
974.807
974.91
975.007
975.101
975.209
975.31
975.407
975.503
975.609
975.707
975.807
975.907
976.006
976.106
976.206
976.305
976.405
976.505
976.598
976.696
976.804
976.898
976.998
977.103
977.196
977.302
977.393
977.494
977.601
977.701
977.8
977.9
977.991
978.092
978.192
978.292
978.398
978.498
978.589
978.696
978.797
978.891
978.995
979.095
979.194
979.294
979.385
979.495
979.59
979.693
979.794
979.886
979.987
980.092
980.191
980.291
980.382
980.489
980.589
980.69
980.78
980.889
980.98
981.088
981.185
981.288
981.387
981.487
981.587
981.679
981.78
981.886
981.984
982.084
982.181
982.283
982.383
982.484
982.58
982.682
982.776
982.881
982.972
983.081
983.18
983.28
983.38
983.479
983.579
983.673
983.778
983.878
983.978
984.077
984.168
984.272
984.373
984.473
984.576
984.674
984.774
984.875
984.973
985.074
985.174
985.272
985.373
985.473
985.564
985.672
985.772
985.87
985.961
986.071
986.169
986.269
986.365
986.468
986.568
986.668
986.761
986.864
986.967
987.06
987.166
987.266
987.364
987.462
987.565
987.664
987.755
987.856
987.959
988.06
988.161
988.261
988.352
988.453
988.554
988.654
988.755
988.855
988.959
989.057
989.158
989.25
989.35
989.448
989.554
989.653
989.758
989.849
989.956
990.053
990.152
990.253
990.353
990.453
990.549
990.649
990.749
990.85
990.951
991.044
991.145
991.246
991.346
991.447
991.55
991.649
991.75
991.848
991.941
992.04
992.139
992.239
992.34
992.44
992.54
992.64
992.74
992.84
992.936
993.036
993.14
993.24
993.34
993.441
993.541
993.641
993.742
993.842
993.941
994.034
994.134
994.239
994.331
994.44
994.539
994.639
994.735
994.837
994.936
995.03
995.136
995.232
995.337
995.428
995.529
995.629
995.734
995.833
995.935
996.033
996.133
996.234
996.332
996.426
996.526
